48 131 121 200
5 41 39 38 40 7 29 8 14 27 10 31 23 26 9 18 28 19 40 47 4 22 10 10 41 2 33 35 3 21 46 21 12 22 32 27 40 39 16 5 30 47 42 28 5 29 46 5 35 16 29 25 7 42 35 36 16 3 2 26 44 14 33 45 38 18 35 21 44 8 28 40 33 29 4 22 43 14 14 24 37 7 1 32 16 10 19 16 32 9 32 25 37 36 27 1 2 26 44 9 41 1 18 12 40 47 34 43 21 31 8 42 18 14 26 1 5 24 41 14 42 12 8 30 33 40 35 39 41 16 46
0 1 1
0 2 1
0 3 1
0 26 1
0 45 1
0 54 1
0 66 1
0 74 1
1 75 1
1 93 1
1 107 1
2 5 1
2 6 1
2 15 1
2 22 1
2 34 1
2 36 1
2 59 1
2 73 1
2 129 1
3 4 1
3 11 1
3 21 1
3 91 1
4 7 1
4 45 1
4 75 1
4 100 1
4 109 1
4 112 1
4 125 1
5 23 1
5 28 1
5 53 1
5 72 1
5 82 1
5 110 1
6 8 1
6 9 1
6 12 1
6 13 1
6 53 1
6 64 1
6 116 1
6 119 1
7 17 1
7 20 1
7 35 1
7 40 1
7 57 1
8 10 1
8 24 1
8 25 1
8 119 1
8 126 1
9 60 1
9 98 1
10 38 1
11 33 1
11 39 1
11 93 1
12 14 1
12 16 1
12 31 1
12 58 1
13 27 1
13 66 1
13 68 1
15 91 1
16 43 1
16 51 1
17 18 1
17 19 1
17 29 1
17 31 1
17 34 1
17 48 1
18 49 1
18 95 1
18 127 1
19 56 1
19 65 1
21 99 1
21 124 1
22 41 1
22 59 1
22 65 1
22 67 1
23 30 1
23 33 1
23 83 1
23 104 1
24 37 1
25 59 1
25 86 1
25 96 1
26 28 1
26 50 1
27 32 1
27 63 1
28 48 1
