10
0.266 -0.466 -0.643 -0.904 -0.278 -0.874 1.475 -0.261 -0.595 1.038
0.223 -0.814 1.142 1.053 -1.920 -0.621 1.086 0.760 0.394 0.473
-0.003 -1.113 0.453 0.650 -0.987 1.140 -1.019 -0.073 -1.577 0.869
-0.963 -0.635 -0.716 0.425 -0.835 0.725 1.738 -0.601 0.023 -0.583
-0.393 -0.863 1.347 0.607 -0.063 -0.670 2.033 -1.807 -0.353 0.464
1.789 0.324 -1.064 -1.938 -0.058 -0.447 1.055 0.641 2.506 0.785
-0.043 0.589 1.728 1.972 -0.975 -1.124 0.463 -0.019 0.342 -0.225
0.682 2.221 -0.449 1.020 0.887 -1.208 -1.077 1.465 0.680 0.964
0.358 -1.766 0.441 1.201 0.210 -0.028 0.592 -1.314 -1.826 0.811
-0.119 -1.513 1.667 -0.831 1.129 1.009 1.504 0.758 -0.157 0.940
